58382915173931412820 100 120 0
07501803708757940770 40 50 1
63124508598561853143 100 120 0
20836103101436018868 40 50 0
16711028542725336868 60 70 1
02803601675366691465 40 50 0
49295881884066547714 60 70 0
42003150636855353441 100 120 1
69744417071273610894 60 70 0
71909375651827488185 40 50 0
35716897435545472160 60 70 0
44203113856547348183 100 120 0
48307823079691922539 100 120 0
86140959535385289888 40 50 0
78962335576182199262 100 120 0
92521421398307760539 60 70 0
49579425897061333784 40 50 0
17405758684633775457 60 70 0
83618906669520015884 60 70 0
69757594254718638296 40 50 0
49460960508593445060 40 50 0
61326365001147363415 60 70 0
85029538704056784485 40 50 0
11557911659154329199 60 70 0
06594935496653564620 100 120 0
65210129211860456925 40 50 0
82158623801522556577 40 50 0
73118730210746720200 60 70 0
84739308095508671614 100 120 0
81783706744319470271 60 70 0
53712993584652022818 60 70 0
60107346431714924572 100 120 0
60364748684817751315 100 120 0
18122771287235819899 100 120 0
71048199880605892213 40 50 0
58541620679975917015 100 120 0
07807028524470552830 60 70 0
29532244776556459231 100 120 0
70845321525479993580 100 120 0
35772825904111943097 40 50 0
54465934947647121843 60 70 0
74460981747305909315 60 70 0
89994070627086304470 40 50 0
01913044574763193357 100 120 0
76826575527839133890 60 70 0
89810347066679448910 60 70 0
06639130468361395294 40 50 0
83727748030694729865 60 70 0
13242764372846722625 60 70 0
06479475189503992359 100 120 0
35619893473023160998 100 120 0
40360595698471570918 60 70 0
42750849846982153824 60 70 0
81031042098466462677 40 50 0
85610194672978002503 100 120 0
72130497137818837315 40 50 0
22534007354797839764 40 50 0
46341374856229741409 60 70 0
78753839305159487864 40 50 0
18605745642430925875 100 120 0
80529427060820324080 100 120 0
56348057505579611617 100 120 0
22754384411068065735 100 120 0
03376638510787325888 60 70 0
04902495256585360111 100 120 0
92124824744336685320 60 70 0
90628649070205817283 40 50 0
37217959168350136236 40 50 0
56057777331072989018 40 50 0
43276902759555542278 60 70 0
97006107924451363538 60 70 0
85950409479179912924 100 120 0
79607250211836078136 60 70 0
45266679006288923254 60 70 0
59356289896334091913 60 70 0
33556091646673491492 100 120 0
37858960435702301665 60 70 0
43994354797572388523 60 70 0
93355733288597022601 60 70 0
78706780011548012362 40 50 0
31856218345337105126 40 50 0
73396732968373995751 60 70 0
05125958727067932358 40 50 0
87599084124838446428 60 70 0
44030297305076974516 60 70 0
91058690734350389039 60 70 0
37556909729956738901 40 50 0
46396429495350162145 60 70 0
52845638982841483645 40 50 0
72310524241425290009 40 50 0
85753310849290242998 100 120 0
31872872913698241227 60 70 0
66402611527824224647 100 120 0
08922046784325686950 100 120 0
52377761651554978656 100 120 0
80769466644171869935 40 50 0
02699574385453511386 40 50 0
95194087709978148796 100 120 0
53807967758587995887 40 50 0
04710580335918826521 100 120 0
70061769439120101354 100 120 0
47929591620848934909 100 120 0
32344409096788850214 60 70 0
09114704737164504625 60 70 0
95390313763875367930 40 50 0
46518182603353386662 60 70 0
61718631928591601084 100 120 0
19748326844936909393 60 70 0
62444652293189131716 100 120 0
39021150489855230451 40 50 0
61805978713738045386 60 70 0
81724081379579279060 100 120 0
34460991519802420560 100 120 0
37656773038494613766 40 50 0
79111199162149727022 60 70 0
82543121718820251177 40 50 0
01575209717964296577 100 120 0
71696735695765515486 60 70 0
74814683520602275836 100 120 0
34005545384067626178 40 50 0
51588284039569035894 100 120 0
12077606632712832447 100 120 0
13439918549068948501 40 50 0
02308544575818720786 60 70 0
04498260660010076423 100 120 0
26021211081640496674 60 70 0
76105849383005349467 100 120 0
23764321831651137065 40 50 0
87111057909477932035 100 120 0
90423442170902227010 40 50 0
89174397038190656876 60 70 0
86101022042259609404 100 120 0
15781388976808911335 60 70 0
52522682026894954944 40 50 0
24317651116380750073 40 50 0
54249836208762427760 100 120 0
18695713290817892623 100 120 0
11855531795674147686 100 120 0
79470632175283038139 100 120 0
96223191788625900120 100 120 0
68263006985730041449 60 70 0
23013255244060480091 40 50 0
64870114057370805621 60 70 0
59297316695094007702 40 50 0
52664428523564296175 40 50 0
75205978335511155019 40 50 0
86827435112854441486 40 50 0
50375078026621586000 60 70 0
85940300925174773796 100 120 0
70739331381908138142 100 120 0
61359620488571614765 60 70 0
55880994382537692640 100 120 0
10571267765475485015 40 50 0
80249435776753891788 60 70 0
27285908439485528198 40 50 0
65564662626546236392 40 50 0
50732864850329997179 60 70 0
36551181328321807285 100 120 0
37328258441098329681 40 50 0
15815835388230187921 60 70 0
22057125598070675303 100 120 0
39467479593010734403 60 70 0
03280843368424363442 40 50 0
65030670213561765293 40 50 0
68616960356971940262 40 50 0
30826457973945653818 40 50 0
08812130583575132840 100 120 0
46121404474488691662 40 50 0
11946140306918379748 60 70 0
86277355778882499739 100 120 0
43272356197036781560 60 70 0
48810785819157484205 60 70 0
00798144101282452935 40 50 0
51919351071063979519 40 50 0
37092288885986033260 60 70 0
67876037912721169940 40 50 0
50263601858767462154 40 50 0
48784991966184464852 40 50 0
28566003660438047133 40 50 0
64430117390348940226 60 70 0
62276002508951062711 60 70 0
48034077925144965325 100 120 0
12538831125920430342 100 120 0
58367809522876871093 40 50 0
06861895282218910064 100 120 0
42351452725501803521 40 50 0
74887893360795032524 100 120 0
05187442739337048694 60 70 0
65588733133873639833 100 120 0
68692771359928993227 40 50 0
16199294701682859296 100 120 0
88179521414043174644 40 50 0
23130259089809773814 100 120 0
39846520913426563661 60 70 0
63730043496393945267 40 50 0
21578864121596792133 40 50 0
93289827590669645387 40 50 0
58249775074394597268 100 120 0
35211749704759746445 60 70 0
07256173008549616808 40 50 0
85379214916651378870 60 70 0
44928500650107340761 100 120 0
27674653739353304481 60 70 0
03430426878758315681 60 70 0
46076635987542506385 40 50 0
50181962056685449169 40 50 0
13285836363304790998 60 70 0
56212138011541144781 60 70 0
33402713780311544658 100 120 0
24958528654116508876 40 50 0
09286841635241105180 60 70 0
24274082884024618994 60 70 0
20750381543182600009 100 120 0
03186198762839087161 100 120 0
71951972042673282068 100 120 0
44362180460675775991 100 120 0
78706924070407835983 40 50 0
41630131299061973372 40 50 0
35128818104488403822 60 70 0
58847377830362345487 60 70 0
46696970165141191874 100 120 0
21367805800471280228 40 50 0
54163261973001703584 100 120 0
43083037833261798885 60 70 0
07797368734233756551 40 50 0
97178178638510346332 100 120 0
77243810910957786650 100 120 0
03659502781427911024 100 120 0
39118775737225175345 40 50 0
08621725169370149844 40 50 0
66283839520384658284 60 70 0
11527423802722027289 100 120 0
37804643094349203603 100 120 0
78280920964846502823 40 50 0
77599979277217319527 100 120 0
21773177444193283232 100 120 0
74807989673971280934 40 50 0
64094339647249957017 100 120 0
26664759128729462546 100 120 0
62677570222898565697 100 120 0
71337783551718667610 40 50 0
11887556415658549904 40 50 0
77143026238336293955 40 50 0
12596686226952464107 60 70 0
41962377041210090912 40 50 0
28966376302601850754 100 120 0
97098289753540309130 100 120 0
12797782491312243318 100 120 0
85717840003274952393 60 70 0
25961202272765469670 40 50 0
97594823398884106325 60 70 0
21288477486347042573 100 120 0
61073637421550519477 60 70 0
21025283531850345388 40 50 0
55636573385690238793 60 70 0
99033861626399167497 100 120 0
88124195594419797070 100 120 0
21837799637769180651 40 50 0
92284903168463253328 40 50 0
14122387408848468897 40 50 0
45181615436960390332 40 50 0
17265064948576849382 60 70 0
70119164596214742238 60 70 0
05989810329352388748 60 70 0
81185301141930041076 100 120 0
03252358106224076191 100 120 0
86200619432779104137 100 120 0
61488399619460723666 40 50 0
53896409107275304288 100 120 0
24498786361862433663 100 120 0
10942582305966734383 40 50 0
91154413054268716959 60 70 0
45541991480606267564 40 50 0
10982897763419729997 100 120 0
79516572983003283171 100 120 0
14698587494456025415 100 120 0
15355682756117085946 40 50 0
03205757450208776263 100 120 0
06526211851294961838 40 50 0
58925742142796437745 100 120 0
64473566371265752166 40 50 0
68123197695243599336 40 50 0
74269688256278607568 60 70 0
02464319186502662608 100 120 0
57037985895233885795 60 70 0
67035215242945864565 40 50 0
09699389867562004838 100 120 0
44830408939000050146 100 120 0
12345728742147488481 40 50 0
03509635446770444219 40 50 0
45604654904365448982 100 120 0
51815438525185540951 40 50 0
87043131517710454518 40 50 0
26592887138042358421 100 120 0
92449810814483883797 40 50 0
93020872902348249542 100 120 0
80581060730234231524 60 70 0
50707851062210328614 40 50 0
47081435023013718114 100 120 0
68512673059968223828 40 50 0
29621454002854033639 100 120 0
57579973705869104814 40 50 0
12627283158815923213 40 50 0
90132715437829549876 40 50 0
79461904214427900443 100 120 0
47291380047105597949 100 120 0
81293449873523973977 100 120 0
98469253194433089989 40 50 0
51868168079015050381 40 50 0
57357245190497525352 100 120 0
55971131526271908639 60 70 0
01553208646255560613 100 120 0
52842608898963215379 40 50 0
16862956403680172953 100 120 0
40481930042638045687 100 120 0
68275482878036320326 100 120 0
01615195114931682881 60 70 0
85419464124207037548 60 70 0
32312712072525781315 60 70 0
65769435251602074273 100 120 0
57946379865633777224 100 120 0
84893412789793322231 60 70 0
94364208666067301699 40 50 0
60113366467115745503 40 50 0
39181241329351807675 40 50 0
86872425958986023377 60 70 0
12612589019806160658 40 50 0
66279726479631181282 40 50 0
92020106962701886723 60 70 0
17925266587919049835 60 70 0
27615208789403229070 40 50 0
93897792434197937716 40 50 0
76318418607988677812 60 70 0
52247030838461403275 60 70 0
84953657902358271354 100 120 0
12654983792399674387 60 70 0
34581836467624144434 40 50 0
65744285178536839487 100 120 0
42778241829503943471 60 70 0
26309567214681425720 100 120 0
70294553825467415356 60 70 0
46181883863884449722 40 50 0
90331888662593673169 100 120 0
68832006475420711597 100 120 0
46305641788591913652 100 120 0
95668737632484968349 100 120 0
90413978229905790476 100 120 0
34533589418671968903 60 70 0
15585654258803161024 40 50 0
11209300801562247762 100 120 0
65083105538889731933 100 120 0
89513481858558880654 100 120 0
34527822270141701806 40 50 0
63663728373746630859 40 50 0
83253543221718180919 60 70 0
04389364264700266700 60 70 0
71701924174704650299 40 50 0
61807479769859071480 40 50 0
70537876954044002170 60 70 0
88005365472657454249 100 120 0
65186305623443900449 40 50 0
26581917086896458131 100 120 0
75085241426074485385 60 70 0
65822667734532288440 100 120 0
67605265774458824517 100 120 0
83511375393254992599 40 50 0
57961432153404761490 40 50 0
27419688795691735262 100 120 0
32900270254117096067 100 120 0
56721440613105142389 60 70 0
00701338295187234415 40 50 0
48562991193165318357 60 70 0
66711152957725116427 100 120 0
65318164160751077484 40 50 0
76889754422075011429 60 70 0
14633571910519706150 60 70 0
78071125296651218521 60 70 0
05575302351359483902 40 50 0
89002965227994546771 60 70 0
18078598988099507041 40 50 0
42596183496416285075 60 70 0
04154871165316946588 40 50 0
29940669269604383429 40 50 0
52776346170396352271 40 50 0
41091453561830664383 100 120 0
32068405741052417963 60 70 0
46035665018414284071 60 70 0
86627515942565231754 60 70 0
98946663713595459943 60 70 0
19844919471487065556 60 70 0
26663587810006418677 60 70 0
17614191984540020722 60 70 0
22693473364328757047 40 50 0
21525728920381958204 60 70 0
38625330074448920714 40 50 0
75160282666738283411 60 70 0
55969941660176396584 100 120 0
79498749846632558814 60 70 0
24675223780822696700 100 120 0
64811622306773217805 60 70 0
99279059105708892225 60 70 0
92315016825742859782 60 70 0
72571993494628449041 40 50 0
46923123382759950491 40 50 0
85921828092806310669 40 50 0
46951111221913027826 100 120 0
28972158252969071313 100 120 0
05907611435344769584 100 120 0
90929070642334205561 60 70 0
15483564163377205469 40 50 0
14236083184845411829 60 70 0
58178836717330030360 60 70 0
54495599624551556227 40 50 0
81486413508159928812 100 120 0
60635350098136899349 60 70 0
66251232680853481680 40 50 0
25224159087924069428 60 70 0
15973233295919424544 60 70 0
58874719792299514163 40 50 0
76610284922709203172 60 70 0
23497803370954192787 40 50 0
67909239681040741270 40 50 0
85896365063975918876 60 70 0
92166203253952880508 60 70 0
27538338149358908443 40 50 0
49149392274949072008 40 50 0
35745880176200231458 40 50 0
74991311126822400619 100 120 0
49482740549150201533 40 50 0
17577531677535709975 40 50 0
82824977508458221381 60 70 0
54737844335717137807 60 70 0
45889038155728425178 60 70 0
41376076083761665690 60 70 0
75237745509969586284 40 50 0
71847509626379044706 60 70 0
12663481971065715890 60 70 0
27653225816393643931 40 50 0
37520312576431754367 40 50 0
17473886991863016284 100 120 0
49227875686553833642 60 70 0
41044993309441130611 100 120 0
86769125519835524074 40 50 0
29154345463261395866 100 120 0
79322921613741185843 100 120 0
79420119706658052213 40 50 0
80810394723888199089 40 50 0
47672815385396347031 100 120 0
21350458634311794443 60 70 0
02756670754881056031 100 120 0
62853297707193050245 60 70 0
46943546804009330022 100 120 0
43548564348132408008 40 50 0
01556778172428206652 100 120 0
67809829689756324431 60 70 0
96718593879551533413 60 70 0
18262605014887638135 100 120 0
92347800161190372073 40 50 0
73539342061417198326 40 50 0
35765162520075922448 60 70 0
82511554129916442897 100 120 0
24639073052225472086 40 50 0
79734025927301400817 40 50 0
39798217836800424918 40 50 0
79019212038137051954 40 50 0
36779392261183204720 60 70 0
43448535101800939177 60 70 0
05838420474918993506 40 50 0
06691619361166928995 40 50 0
89688050611490573611 100 120 0
47630549209179194457 100 120 0
17764357451416681711 100 120 0
40689226277166593540 60 70 0
83562635999277321040 100 120 0
57726072282638811323 60 70 0
42404520615310139667 60 70 0
22903258794034616770 60 70 0
21454410122434971751 60 70 0
76837526578834277511 40 50 0
76664761008783638305 60 70 0
80738789898554132432 100 120 0
21796729457552342422 40 50 0
97820364506807771629 100 120 0
74020282404208437819 60 70 0
19409683542164182554 60 70 0
76210923816857935201 100 120 0
17048423830453647158 60 70 0
54549080443148980285 100 120 0
21017722607071101145 60 70 0
71591539084385159512 100 120 0
39651087535984057087 60 70 0
17345206652639937713 40 50 0
03809729700437989844 60 70 0
09125096316918883753 60 70 0
07615791132344875626 60 70 0
17217703125086588891 60 70 0
48627189921874645157 60 70 0
77445437851846576471 60 70 0
78234762649314157852 100 120 0
36904653940966354719 40 50 0
70387285610511198682 40 50 0
79424108097247167648 60 70 0
99020888077930642663 40 50 0
87205981773975954061 40 50 0
74951137686508298498 40 50 0
05293891998686929688 40 50 0
40262321191842122221 60 70 0
01993052028166399620 100 120 0
14127551803012319721 40 50 0
58689762753267144224 60 70 0
25987071456436302777 60 70 0
15029462936644554611 40 50 0
54004401125927876289 60 70 0
44701182239659001434 60 70 0
26835475482064192327 100 120 0
03513778161946793252 40 50 0
50089313274527094102 100 120 0
28899136501509752009 100 120 0
52581194336437360022 100 120 0
93580710978338669004 100 120 0
47593817059507698808 40 50 0
33629741137807488395 60 70 0
47229039015387551696 40 50 0
97335376113837760962 40 50 0
22399478138063722654 100 120 0
39835124388719656780 100 120 0
08082347951036840298 100 120 0
89156747917815061876 60 70 0
82968900748653449140 60 70 0
42440848478866756720 40 50 0
07353269373740724762 100 120 0
78144938109836462312 40 50 0
86758136503649232055 40 50 0
50796239427093028600 40 50 0
64180407122114039973 100 120 0
92296266284994955889 100 120 0
20624733025444382132 100 120 0
24231710854946519044 100 120 0
08239672136579872057 60 70 0
41215421891637504919 60 70 0
86683899835189623704 60 70 0
88860451311179780866 100 120 0
74466756464260208559 60 70 0
98766044694240835674 100 120 0
10333308289285181761 40 50 0
87382140563517047188 60 70 0
36646712050780094262 100 120 0
46440451264848431846 60 70 0
37038675831475713859 40 50 0
35298572496191959664 100 120 0
01595872918457237776 40 50 0
88695581174323023416 40 50 0
54007974724585163273 60 70 0
27240793319731428022 100 120 0
72200750034079040383 40 50 0
79743565733253228254 60 70 0
51876026395469826311 100 120 0
36260205672059652411 100 120 0
57131993078816867624 40 50 0
42829260388213424942 100 120 0
25621586990373391549 100 120 0
62924318710395443252 60 70 0
91642918977189833616 100 120 0
65421956287563055864 40 50 0
02587060656191496036 40 50 0
02309096468836832890 60 70 0
29860495096446357114 60 70 0
09783282255333692113 100 120 0
50695528120110439676 60 70 0
10971103708769432256 100 120 0
69305482145334465735 100 120 0
23766111969999460674 40 50 0
07843349023392233529 40 50 0
30676663005902546648 60 70 0
09142697560630498020 40 50 0
30986543565799160017 40 50 0
90341365519539486762 100 120 0
51389591222458804358 100 120 0
21461059494723782024 40 50 0
71371706558697812752 40 50 0
44714139788815185962 60 70 0
23424721166759283151 100 120 0
32662158443997489797 40 50 0
62500837142308543608 60 70 0
99659830508059254061 40 50 0
91377857867744829800 60 70 0
05841269311760445431 100 120 0
27710712984668915968 60 70 0
54008763896569750969 40 50 0
37420119914536302901 60 70 0
80657674729781713626 60 70 0
70932423591758717392 40 50 0
62354846774987129608 40 50 0
75866597935293677466 60 70 0
54797857836333284908 40 50 0
29006945530921817792 40 50 0
35955565537457342897 40 50 0
19212992357864310996 40 50 0
51686087910832341576 60 70 0
74807816602882681372 40 50 0
77603970739119823783 60 70 0
61321680027900299463 100 120 0
96578867175438516720 40 50 0
30869807346995094703 100 120 0
66230002065253354000 60 70 0
91690082338253283681 40 50 0
38763173375436637890 100 120 0
17135416749615144774 40 50 0
37093774955760421005 60 70 0
89993383726756045441 100 120 0
39372404112023664956 40 50 0
41368122235384724168 40 50 0
80148736390747551997 60 70 0
35020546514549612273 40 50 0
60315525280782738502 60 70 0
66140367923966618156 100 120 0
44820870098902960673 40 50 0
69722567311715905206 40 50 0
97505762090164312266 40 50 0
67357890529492160390 60 70 0
06160406062720529591 100 120 0
30069118160786947645 40 50 0
39002271367663777583 60 70 0
83479353089289427783 40 50 0
49039707277835762390 40 50 0
11173041597710602520 40 50 0
23002233574803117588 60 70 0
59519974926526761010 100 120 0
91934682528691690002 100 120 0
54723844926219609873 100 120 0
33214434720314699303 40 50 0
45007116419933388072 40 50 0
23615747152872585127 40 50 0
22752651874465931648 60 70 0
25393807759227484694 40 50 0
50943020034584064761 40 50 0
84644225640856259474 60 70 0
22240926016493115602 100 120 0
87525482077291305116 100 120 0
77381053243296966163 40 50 0
15245978876526831177 40 50 0
99385923524060760669 100 120 0
12225634304234956301 40 50 0
29217293137589044775 100 120 0
20717669781803822158 60 70 0
16132609333517373261 100 120 0
63147583586301584717 40 50 0
60719365422838506065 60 70 0
97057420348420556110 100 120 0
15375291783608542596 100 120 0
50515349390849469759 60 70 0
39085254190163907836 60 70 0
22881956882980436047 40 50 0
55545241035513620428 60 70 0
19772596423190744067 40 50 0
10092244307294464208 40 50 0
49513032983205429159 100 120 0
99537150134085608828 40 50 0
48802730949013720753 60 70 0
54836818672655958942 60 70 0
63337632140553437204 40 50 0
81296002510846829045 100 120 0
10854706194436336787 40 50 0
94476390024121593322 60 70 0
65591271972519261465 60 70 0
77246590096568885002 40 50 0
75491569047983743764 60 70 0
10321843260922298294 40 50 0
03479945308630744283 40 50 0
85607446957406391851 40 50 0
16900529069831596181 60 70 0
23773070363973047155 100 120 0
30180910145412930168 40 50 0
57771486209249231345 40 50 0
18221449284984322943 60 70 0
97012167860694958809 100 120 0
97921348657558897773 40 50 0
44352242193808132929 40 50 0
96775463959614850261 40 50 0
61377579458128866384 40 50 0
45940168314653322498 60 70 0
20309169503019037088 40 50 0
45000441493545661514 60 70 0
45168878833453609741 60 70 0
15793145561277154140 40 50 0
05985152295785191868 60 70 0
97823539501019826245 100 120 0
43275673482366632784 60 70 0
15918534228677334694 60 70 0
23716185598109184506 100 120 0
63518087490781601152 60 70 0
83291673452003801872 100 120 0
61123450961480769014 100 120 0
15817996493727073281 60 70 0
22698519242944653593 100 120 0
67784214466627409625 60 70 0
19494846342043764302 100 120 0
85955839512683180714 100 120 0
30427089380095708651 100 120 0
29357320056020928978 40 50 0
78648405707762696994 60 70 0
26718826615690632235 40 50 0
21680472844647720503 60 70 0
73058391813194133548 60 70 0
04996946255573422723 40 50 0
32778022044434248965 40 50 0
43985278783250083489 40 50 0
34258364850340188988 100 120 0
06504842747173121726 100 120 0
63873881721371777162 60 70 0
91405587485782072247 100 120 0
94984690000340820868 100 120 0
59876012771469840871 100 120 0
05317515640548179366 100 120 0
04709718010661524181 40 50 0
35162399171642735548 40 50 0
25197525660296427544 40 50 0
28191667459969821589 60 70 0
29391047639440808774 40 50 0
60874123105234561324 60 70 0
99771768157434878308 60 70 0
22778822571660737872 60 70 0
18115955889256261410 40 50 0
76869548011823540248 100 120 0
65901064043630806808 60 70 0
82358572380080487811 40 50 0
96497087088533381839 40 50 0
39178081120060788418 100 120 0
61819192007215215347 60 70 0
43513584320422533963 40 50 0
84405952686160410952 60 70 0
97370766236776481642 100 120 0
78729734946683979595 40 50 0
84033419667631524228 40 50 0
08517497117630974050 40 50 0
16098632735586545268 60 70 0
44253659852671744139 60 70 0
09554272396733018115 40 50 0
85751464354320949390 60 70 0
65496428068765803258 60 70 0
02897048055896448467 60 70 0
53733170151462367182 40 50 0
84430598223716245280 60 70 0
28876587995330300142 60 70 0
15430988232019769668 60 70 0
94254281654310318331 40 50 0
53641607649066704881 60 70 0
13276209486961041815 40 50 0
33505103535072604764 60 70 0
53459832546196639082 60 70 0
81141737262730633980 60 70 0
99384202672808171110 40 50 0
83358966118268718977 40 50 0
79296400458915921734 60 70 0
51522341289100060025 60 70 0
38620703279531965215 40 50 0
26122347130993083320 60 70 0
93602335969582936641 100 120 0
42263595747327750247 60 70 0
17510497783209570274 40 50 0
26992938860543884573 100 120 0
95965994406297690578 60 70 0
52052400909796487847 40 50 0
77358507374699861851 60 70 0
42883589448174126964 40 50 0
45521639033414782727 100 120 0
66971887243995178073 40 50 0
26914289165974053999 60 70 0
98825845299810351467 100 120 0
56362873704786380002 100 120 0
93948086993641039529 40 50 0
09857150369875883494 60 70 0
78193056178273980936 40 50 0
33513075472504821450 40 50 0
77786901505188608375 60 70 0
27201376313093883066 60 70 0
96576315097910069610 40 50 0
31522840631208169660 60 70 0
83889972186358764727 100 120 0
77883062042640739058 40 50 0
05471066763643261496 40 50 0
50824821801360766354 40 50 0
20167226883187782882 60 70 0
29115943325533255043 60 70 0
73344542956887691925 100 120 0
98924440907453827114 100 120 0
04783097656468025037 40 50 0
72264195787357666343 100 120 0
89093716414652291089 40 50 0
27705349769880264805 100 120 0
92633734938828352440 100 120 0
39675057706162765150 60 70 0
32780224477356052824 100 120 0
60838443658948982530 40 50 0
87193377953246002669 60 70 0
74582747996725084979 100 120 0
93305662521170676365 40 50 0
57875475424954732915 40 50 0
24203860575583222784 40 50 0
81855166880411817076 40 50 0
24247425065442970779 40 50 0
42225142816463107933 60 70 0
79989956062494000404 60 70 0
50662375842730847576 100 120 0
35437608033011361045 40 50 0
30526593187642514339 40 50 0
40296392848820671089 60 70 0
66337072976297029305 100 120 0
07394414502158055374 60 70 0
94196049571500161841 100 120 0
59086533042674278158 60 70 0
28337711848946621946 100 120 0
05823860614767639745 60 70 0
39611737577172670861 40 50 0
57913007572736019868 100 120 0
97954932057078378256 100 120 0
21224103182878373591 40 50 0
18347282076199631941 40 50 0
39388739881847566083 60 70 0
14797904247175160141 60 70 0
45923721204984896210 60 70 0
50886993237959243574 100 120 0
84565298403492303647 60 70 0
34558027635012533693 100 120 0
44374950603270082846 40 50 0
79742201827256941922 60 70 0
41379876625529942024 60 70 0
71668870227366563327 100 120 0
99986100507975773795 100 120 0
43299723502622233315 40 50 0
02871360855296379941 40 50 0
03659180620129257542 100 120 0
82831945385660570755 60 70 0
67813689829224329077 60 70 0
33812187686589849951 100 120 0
95359456132643853733 100 120 0
82498585697242389013 100 120 0
77774067627086045626 40 50 0
60908809328095611575 40 50 0
74188860417407409541 40 50 0
62033403952372358621 60 70 0
63236180426621182689 100 120 0
36174256504147776910 40 50 0
94923391206135570130 100 120 0
64551144115728059301 40 50 0
14562897043518824555 60 70 0
38053995016784963670 60 70 0
41944591026822441162 60 70 0
30249626632746398720 60 70 0
24568687082307281065 100 120 0
61013885827376366066 60 70 0
18237553091403981493 40 50 0
23179987539474120659 60 70 0
11100469893130220985 100 120 0
22557714815045093192 40 50 0
27840138642117080464 100 120 0
88609938390104110176 40 50 0
07207445854914820769 60 70 0
99400430080921867373 40 50 0
66649615714756911939 100 120 0
23529456774639512285 40 50 0
50673786800172220119 40 50 0
72445983461748018711 100 120 0
28472484333700298755 40 50 0
29833724839876134789 60 70 0
79090996678783257751 100 120 0
30444032940161172950 60 70 0
30375340445402005521 60 70 0
58867183388335062228 100 120 0
99111763838827655105 40 50 0
58857291180004170774 100 120 0
68445155680767696704 60 70 0
26453421809863380868 100 120 0
34915597299857499701 40 50 0
88928924750343922843 100 120 0
48708870030042057642 40 50 0
86298494891861851874 100 120 0
71376031421142101601 40 50 0
97074161870109733077 60 70 0
03525706015912450759 100 120 0
62955464197651243864 100 120 0
57912019115301059788 100 120 0
75791097465158671592 100 120 0
25450320367138257293 60 70 0
21788967392837889137 100 120 0
42777698200371189128 60 70 0
03013126821090981701 40 50 0
38269171123446950633 40 50 0
52940012137156075388 100 120 0
52548603199503807030 40 50 0
55474933920294277588 60 70 0
49229945140809302814 60 70 0
56273154018952046571 100 120 0
61993197872612939352 60 70 0
48764642938229668565 60 70 0
28131098324121587970 40 50 0
95673429123056365210 40 50 0
42912619980670914058 40 50 0
54982523517908191282 40 50 0
69450957702393565818 100 120 0
09838958104041358058 60 70 0
89846549422525511553 100 120 0
77223250208104779733 40 50 0
05658705015057572594 40 50 0
16004179680355148979 100 120 0
77144614267967597657 100 120 0
84429218377001782118 60 70 0
27996854822286309156 100 120 0
89957388482191987561 100 120 0
09641658446351191139 60 70 0
61751639719893159205 100 120 0
30269384520618781674 60 70 0
83191031726763991365 60 70 0
28216594972483507871 40 50 0
47038397039873522139 60 70 0
79039716083988017732 40 50 0
29193606776779672571 40 50 0
71875648822061523490 60 70 0
88175322641820504399 60 70 0
17969300321138872356 60 70 0
58509160243939082124 100 120 0
58047474030002928144 60 70 0
60868070618634573096 60 70 0
07411535911190097081 60 70 0
44424723463305470191 60 70 0
01502432537209673939 40 50 0
81221262532885340505 60 70 0
25505010969383629804 60 70 0
82739719353815536633 60 70 0
83848048448942813940 100 120 0
51907780230646460226 100 120 0
30434728885198876092 40 50 0
76014056980145528428 100 120 0
58965886014837243053 100 120 0
67821885613619119012 60 70 0
16152657903987085847 60 70 0
10043966207042209921 40 50 0
31259936849063560102 100 120 0
06229433596731837431 100 120 0
68916138330282347816 60 70 0
00795430896600415260 40 50 0
00634516176377013114 60 70 0
94935671712797441088 40 50 0
15829150542965625916 60 70 0
16152270274058983139 40 50 0
45120623254061308558 40 50 0
53942277414946108746 60 70 0
74505570397781130873 100 120 0
87107194901473130369 60 70 0
30363372710442281874 60 70 0
11226253458405942315 100 120 0
50890177589903531098 40 50 0
59643076521723742711 100 120 0
03186207312298597170 100 120 0
62948410792022973604 60 70 0
24995702969385248219 60 70 0
11928298802411083492 60 70 0
30054097958343182294 100 120 0
35856325570707308024 40 50 0
50481800475971705582 100 120 0
54515319944282385524 40 50 0
41313883369732463380 60 70 0
00259701327481969317 40 50 0
90659117109244136460 40 50 0
08327458299477388208 100 120 0
45778515655689334475 40 50 0
12253095139626489965 60 70 0
45680327071328827350 100 120 0
15263371845635889889 100 120 0
11713649902420968264 60 70 0
49537416309691057168 60 70 0
02610439013086729589 100 120 0
40868594555816070993 40 50 0
93195145212398358725 60 70 0
26335524074395001645 40 50 0
94821804346171624121 40 50 0
52484549048741833467 60 70 0
07461094481621105221 60 70 0
96301669419388407046 100 120 0
30560383404246305366 100 120 0
94245261806864194655 40 50 0
81931480251777494794 60 70 0
00811397017102463498 40 50 0
85547918478681030932 40 50 0
64023392172928629689 100 120 0
47862157533945294631 40 50 0
26608866932821056702 40 50 0
98747400712394391186 60 70 0
80785575797591553526 60 70 0
86417758416485234734 40 50 0
83738112712574371132 60 70 0
92417190559034065458 40 50 0
38185218609871580857 60 70 0
52378916981719250212 100 120 0
19599774461798702500 40 50 0
72529761204353322998 100 120 0
60150310670052948261 60 70 0
06231740778713064224 100 120 0
29443562652407791761 40 50 0
62168581115079648025 60 70 0
97966245311529407710 40 50 0
24042442914895479025 40 50 0
45264884504066681002 40 50 0
16023604949322160028 40 50 0
29885668880162419658 40 50 0
25149431459869625425 40 50 0
45707116996169654160 40 50 0
88957795210669940229 40 50 0
11170946037818505477 40 50 0
60629580931144065537 40 50 0
82612317817415802921 60 70 0
26480548275013337635 60 70 0
72107919052217042524 60 70 0
49683930765588577880 60 70 0
61298550296892823220 60 70 0
09717586578383368882 60 70 0
84278113333343430515 60 70 0
42925403287249920275 60 70 0
72915565203624070022 60 70 0
01740883158889055839 60 70 0
08622614956963692425 100 120 0
20320577428604143282 100 120 0
07362956691005220116 100 120 0
49366639813006736412 100 120 0
43260600739344200510 100 120 0
84191049453085803032 100 120 0
52608008548381411808 100 120 0
63860975108746726903 100 120 0
50842375383134845596 100 120 0
79515431456975518373 100 120 0
30566521240935210746 40 50 0
21796316809126991205 60 70 0
